[ "Road 7-1", Vector3( -76.9496, 0, 193.247 ), Basis( -1, 0, -8.74228e-08, 0, 1, 0, 8.74228e-08, 0, -1 ), 90.0, 201.719, 13.5617 ]
[ "Road 7-1", Vector3( 47.594, 0, 202.855 ), Basis( -1, 0, -8.74228e-08, 0, 1, 0, 8.74228e-08, 0, -1 ), 270.0, 381.718, 13.5618 ]
[ "Road 7-1", Vector3( -58.3693, 0, 180.648 ), Basis( 0.370046, 0, 0.929014, 0, 1, 0, -0.929014, 0, 0.370046 ), Vector3( 0, 0, 94.06 ), 0.0 ]
[ "Road 7-0", Vector3( -76.9496, 0, 213.247 ), Basis( -1, 0, -8.74228e-08, 0, 1, 0, 8.74228e-08, 0, -1 ), 90.0, 13.3822, 25.3163 ]
[ "Road 7-0", Vector3( 150.633, 0, 282.63 ), Basis( -1, 0, -8.74228e-08, 0, 1, 0, 8.74228e-08, 0, -1 ), 2.50448e-06, 13.3818, 170.485 ]
[ "Road 7-0", Vector3( -57.4926, 0, 237.876 ), Basis( 0.231439, 0, 0.972849, 0, 1, 0, -0.972849, 0, 0.231439 ), Vector3( 0, 0, 173.376 ), 0.0 ]
[ "Road 6-1", Vector3( -48.2507, 0, 106.618 ), Basis( -1, 0, -8.74228e-08, 0, 1, 0, 8.74228e-08, 0, -1 ), 90.0, 20.7109, 28.9435 ]
[ "Road 6-1", Vector3( 47.594, 0, 182.855 ), Basis( -1, 0, -8.74228e-08, 0, 1, 0, 8.74228e-08, 0, -1 ), 270.0, 200.71, 28.9432 ]
[ "Road 6-1", Vector3( -29.5431, 0, 133.691 ), Basis( 0.35365, 0, 0.935378, 0, 1, 0, -0.935378, 0, 0.35365 ), Vector3( 0, 0, 62.4662 ), 0.0 ]
[ "Road 4-0", Vector3( 123.728, 0, 132.082 ), Basis( -1, 0, -8.74228e-08, 0, 1, 0, 8.74228e-08, 0, -1 ), 90.0, 69.8449, 112.535 ]
[ "Road 4-0", Vector3( 160.633, 0, 272.63 ), Basis( -1, 0, -8.74228e-08, 0, 1, 0, 8.74228e-08, 0, -1 ), 270.0, 249.845, 112.535 ]
[ "Road 4-0", Vector3( 130.619, 0, 170.857 ), Basis( 0.938763, 0, 0.344562, 0, 1, 0, -0.344562, 0, 0.938763 ), Vector3( 0, 0, 67.1072 ), 0.0 ]
[ "Road 4-1", Vector3( 113.728, 0, 122.082 ), Basis( -1, 0, -8.74228e-08, 0, 1, 0, 8.74228e-08, 0, -1 ), 180.0, 102.843, 25.0726 ]
[ "Road 4-1", Vector3( 57.594, 0, 192.855 ), Basis( -1, 0, -8.74228e-08, 0, 1, 0, 8.74228e-08, 0, -1 ), 360.0, 282.842, 25.0724 ]
[ "Road 4-1", Vector3( 89.2825, 0, 141.582 ), Basis( 0.974987, 0, -0.222262, 0, 1, 0, 0.222262, 0, 0.974987 ), Vector3( 0, 0, 32.5889 ), 0.0 ]
[ "Road 4-3", Vector3( 123.728, 0, 112.082 ), Basis( -1, 0, -8.74228e-08, 0, 1, 0, 8.74228e-08, 0, -1 ), 90.0, 148.849, 35.4586 ]
[ "Road 4-3", Vector3( 268.082, 0, -15.1723 ), Basis( -1, 0, -8.74228e-08, 0, 1, 0, 8.74228e-08, 0, -1 ), 270.0, 328.849, 35.4589 ]
[ "Road 4-3", Vector3( 140.844, 0, 81.7362 ), Basis( -0.517292, 0, 0.855809, 0, 1, 0, -0.855809, 0, -0.517292 ), Vector3( 0, 0, 128.675 ), 0.0 ]
[ "Road 5-3", Vector3( 258.016, 0, -165.343 ), Basis( -1, 0, -8.74228e-08, 0, 1, 0, 8.74228e-08, 0, -1 ), 90.0, 83.6306, 359.451 ]
[ "Road 5-3", Vector3( 268.082, 0, -35.1723 ), Basis( -1, 0, -8.74228e-08, 0, 1, 0, 8.74228e-08, 0, -1 ), 270.0, 263.631, 359.45 ]
[ "Road 5-3", Vector3( 260.235, 0, -125.467 ), Basis( 0.993827, 0, 0.110937, 0, 1, 0, -0.110937, 0, 0.993827 ), Vector3( 0, 0, 50.7311 ), 0.0 ]
[ "Road 6-5", Vector3( -48.2507, 0, 86.6181 ), Basis( -1, 0, -8.74228e-08, 0, 1, 0, 8.74228e-08, 0, -1 ), 90.0, 138.396, 44.5067 ]
[ "Road 6-5", Vector3( 258.016, 0, -185.343 ), Basis( -1, 0, -8.74228e-08, 0, 1, 0, 8.74228e-08, 0, -1 ), 270.0, 138.396, 8.98743 ]
[ "Road 6-5", Vector3( -3.38606, 5, 26.7788 ), Basis( -0.663988, 0, 0.747744, 0, 1, 0, -0.747744, 0, -0.663988 ), Vector3( 0, 0, 289.588 ), 0.0 ]
[ "Road 6-5", Vector3( -33.2958, 0, 53.3383 ), Basis( -0.663988, 0, 0.747744, 0, 1, 0, -0.747744, 0, -0.663988 ), Vector3( 0, 0, 40 ), 5.0 ]
[ "Road 6-5", Vector3( 243.061, 0, -192.064 ), Basis( 0.663988, 0, -0.747744, 0, 1, 0, 0.747744, 0, 0.663988 ), Vector3( 0, 0, 40 ), 5.0 ]
[ "Road 3-2", Vector3( 278.082, 0, -25.1723 ), Basis( -1, 0, -8.74228e-08, 0, 1, 0, 8.74228e-08, 0, -1 ), 180.0, 290.223, 13.9463 ]
[ "Road 3-2", Vector3( 241.322, 0, 148.911 ), Basis( -1, 0, -8.74228e-08, 0, 1, 0, 8.74228e-08, 0, -1 ), 90.0, 110.222, 112.152 ]
[ "Road 3-2", Vector3( 291.168, 0, -6.40512 ), Basis( 0.938358, 0, -0.345665, 0, 1, 0, 0.345665, 0, 0.938358 ), Vector3( 0, 0, 124.205 ), 0.0 ]
[ "Road 2-0", Vector3( 241.322, 0, 168.911 ), Basis( -1, 0, -8.74228e-08, 0, 1, 0, 8.74228e-08, 0, -1 ), 270.0, 298.407, 79.0187 ]
[ "Road 2-0", Vector3( 170.633, 0, 282.63 ), Basis( -1, 0, -8.74228e-08, 0, 1, 0, 8.74228e-08, 0, -1 ), 360.0, 298.407, 33.5548 ]
[ "Road 2-0", Vector3( 231.807, 0, 206.503 ), Basis( 0.879591, 0, -0.475731, 0, 1, 0, 0.475731, 0, 0.879591 ), Vector3( 0, 0, 66.5489 ), 0.0 ]
[ "Spatial2", Vector3( 160.626, 0, 446.382 ), Basis( -1, 0, -8.74228e-08, 0, 1, 0, 8.74228e-08, 0, -1 ), Vector3( 0, 0, 100 ), 0.0 ]
[ "Spatial2", Vector3( 160.626, 0, 332.382 ), Basis( -1, 0, -8.74228e-08, 0, 1, 0, 8.74228e-08, 0, -1 ), Vector3( 0, 0, 40 ), 0.0 ]
